100 4950
0 113515657874892102023 540049631897308080450 417167070648625361168 292514434634304842053 750452303029210507595 822639089877510071566 509274388203880572345 966223403254274280826 790131791752510737730 269093424287536244890 187049579175395045185 502822846753880012501 635389467975858856668 929712383760358301732 107664225158426101066 892107590073835673469 435341031937582172678 591652589988435513024 909545259700927057778 970347891297469952564 941097711792838835617 502597126301227887016 358996917117378344616 687956578123923545304 885002767524318440865 787283874626381443729 139289149299255601130 453515954357547480773 733640629042590197195 545617643017745409062 155577128067217357744 629636962960873520076 319895701005369629059 346591505622709801029 994898103225751154702 828291775356706943482 838124655367739677457 597436047777232505878 763207134209871169898 242013400314341772949 194994450547656550831 364444327038409493152 287484277198912247443 729958976389449105095 921241913518683408501 102703214826562935424 816384161021979434931 695170891569163871892 181278902427822688166 310601279019596596245 524778261761853729463 564414502014942800103 767366009489599216312 723933016882614908481 921123711115230628987 235121736862898808914 646830473935992466911 841468067542639199314 331898352713779271312 711233339934908105573 491684149271466779367 252966032591972960559 921070641194188101304 396239999402037709753 144767960094087788272 723485738914037923932 221269748837318188379 187784869632599984352 148603616813995291080 630274498355203788919 567969645489037982781 827708766210299017458 972749564362968782153 164202148325092556334 126665842252684691118 253939397704465122049 893247535159023378987 119980468721504407950 577087175412023134852 416948920161025605069 482316007147372448375 180949446284507779620 529824694538027531957 152849513000861614172 287967202927465233520 491665810759317165669 103706048374401557226 567459435708123831807 152877288513713787543 673686657976222982261 350477092881494774364 737701153826585178558 142134391937365576563 208309155754194313854 349540262541503984321 884064108953535666557 785326091511958215383 788531330776430032400 588054262269248862729
113515657874892102023 0 524728337101756206356 899731427419836410108 884741259593127480305 469249187243594261900 144966581916229805509 548499784992040865535 253079729482628509385 829852245802334105324 239646631366069919739 246691539603612360366 314254958777060960101 172681557764323130673 355210719163947473454 636734870961853777428 163993545289722988323 973075582591353798943 545712634789857188174 386722835572415541649 911542759422590673363 356411283765259663223 351611006151069047469 960960498830059361772 333362529069791647798 746922683917361146120 212936685232458733405 387157666053009941120 431683228767855959650 533455511175141712338 629219246951501131374 753080158489421366343 628511699693546713823 710743047117548461418 910001427204342981145 565574296506766452815 204868077768110466337 237715229963839866345 621106155917768384169 771915888171808756927 342965958987866323267 402247034108351914248 854117855339494778393 317634344854997721248 708845841414969201697 426885572772273035183 503958472671241727144 333004381598256073012 462028498169250564377 574581658814186201405 413336751201085899699 398911563562295668229 110324832162092973361 766874425626903479840 489840715806810654890 461980203580512446155 123719126914926679458 569077355953935486499 795114001851584504600 870907373697063685320 888189239456197406741 772202280441572668662 431862769393148495067 732399944684235383946 665546267792077552629 927329845204290596861 873229104048351229905 614651898666291175013 223658002860866096747 879676678440098342082 595994578488532222051 660640218221389102860 560824723272243025120 240977182404240869672 366203121002751061204 111449480202242126152 274484953338640621290 506092576856798606417 908734118328030589536 282868480540586388041 453446994171119509427 812547242672904972033 144823874351483955193 916181423704086648294 650874824901807381619 881162407459607303417 256757111837265548556 999599814734807278841 927590791214013651154 674289364905619849802 112763790276117431443 538204077308406243824 823581424371807793008 678122005699618288885 305680107710777178443 986297502738979301672 911385920031869506986 243048256862870329168 254712618736439234415 322544324339024112487
540049631897308080450 524728337101756206356 0 103967384405088497079 401365587677571470670 860909771395734506833 424950416406585527236 511556775275789519047 125672375764252840784 784762717645526883747 864437791509236691321 399495443924383058765 896368218784580009130 167740484546084850595 268394293256289595601 915289107308074728010 522912830364538202229 282856798592171431868 371925901656290049754 154731309877130595040 262769857700295906231 266680799580286159008 790357856298038748687 303368926458035344235 896058365180206254623 275551787531343309699 225805233524316268383 187581063490383622326 121323616568797894252 326794195100504983887 567284476949189110318 290583653563392305226 748764278503259287252 545156892233644244013 274217358052432858013 411740313920133088255 907420245870251559536 977244099066252279636 436757567321136706369 708784695267266543173 936901818019460341079 331563614897497323534 839880202324296978885 638088756954123768739 312170979363188691635 273625447113417070358 962538656640515212050 846155778447757146266 402603590263923167265 711183951141907833727 316604970477570477454 599868084141263640014 381837920010649265902 876971899320681563693 573409957153988676180 528213434725031347029 105713669324250046839 943229408182023789692 624501415286896239335 662154302634166223796 147736808651112458948 693517359432225998850 376688073881545482009 187640206416505585932 760478361918175884313 250847005059271246546 111841505722391371399 226923290702060181508 233949912917918270379 460322424669957035347 809858986924061108566 491527631496411850847 120164887344535036552 591554555246409108302 622211276161968491084 175077733968567578874 283581154905565659263 888409985136502055146 901189508553093087601 936692162202849653356 546876796211637851126 635211036195049532644 540793425621392186048 424817954072871746148 331064251937791635797 481030721897968104798 682138766555495633338 380063409572441076499 603008728506786885128 231844343125468977713 365290875036174616703 323370804103495294405 882285878470964182574 785996010879293347992 698058350096102490691 553117047424259029708 303908910370866598830 943247812944801890882 623268171522198948712 883277271110261995551
417167070648625361168 899731427419836410108 103967384405088497079 0 871415372383523243908 606307543489706454266 286044646985718775369 619361914514905444054 781600824824689087940 595444851596969056785 502774953243437237298 737545728366783259679 842740623375905963832 200054841294667218237 391143743956457760791 957440414949310298837 737743901779978163700 419838492285383237690 514731060905085026702 763448942041432940709 917372464406850671732 515634519186055423201 490739027401990189272 636841359867955011636 642955122787838523243 634185463489452422680 777216954749896814860 366132588794113322754 390812889124445758106 641470854348696243442 726263849243039514237 132966683807772098350 955056253710623741448 633405880715214617627 132467229777903292540 889542428088859174712 149180556680785059164 789414483437886517174 111577231113355853672 133399272458979731869 573679392791808090392 865562545005792776383 915360407946993557293 475048255394964251741 604358217913132586299 652132188460136992175 115360738315019883086 373773013140589921779 632208496829166540974 988700054960731099870 256179331613199197936 717344104111215652517 523329348288848125030 473126572122373473440 286284608058329118080 245190095069224884780 242237021021199683816 609045462132229119913 870635373993435497686 346246642047434462277 599647942799698423043 348008507514332721318 859261549132340026280 534535824655374814102 874523556565047534183 490012105486724324855 372654772884206920704 779873965867788508341 667503289959521404012 395690314626708071893 496367604087686149354 982974006239282616937 884096276554555327809 967478620562599767023 941332058367610327545 122928340823145424734 814086812349452174799 372427763076013495930 955226772026692934510 643232606457600487066 893886984175590039073 765382469963133748524 786564237957274759186 221530838995065216137 337320010787319781427 463310493658099539222 582080189633455530311 989015833647832543686 650803208213237616573 582648888019178615163 265526560271262349312 375208096351854525422 957679688760615304039 465612325941493381628 602667618150432924858 393669304104712218666 792530875462809313248 109448120286568228713 954811282927527519095 108942808504924989119
292514434634304842053 884741259593127480305 401365587677571470670 871415372383523243908 0 603836588258867332545 219602226868621122883 492096698412340712577 353692062964318815271 112910440809563459115 114836084429363705369 537392342543384138611 305853975786738482400 566849092305260162396 618201474648079303798 203174826714399602516 549338650794168736832 766107239540484991783 593519045325446951823 223133953633251116560 758652821330676768413 154088303530566958302 296895748010077204558 694882681238063103430 924476751063755435233 959733261505019600942 849940171744696764657 858351111072343760661 273401429301206080534 558520767706177612777 898441978393890555606 119781151331760419985 640814697787462874654 105664183641826938574 529381808168774996955 133821703304037708614 616625565887479088166 965807470051511852519 667326561940371214655 238570388131449539384 710048484589123457710 224708248115013882547 992755501736705859489 226141850395533645331 973908869835568609046 784243408209930204274 585984478693283974997 504642805554100785125 998247581050581663617 720029471789008188403 336779346819230277103 884606748487049077461 751459051831601393021 466973795166325524916 543625957615505428198 316152437321413304767 964160466913103212642 210475343804410481684 713146544666020710664 927232037465825179365 107260621842840218412 705266049441871814744 179012177276962840524 227692195041347551749 839990263953794803777 207867092701430482208 279975429495132420310 910757046519312249492 325923088787887038601 988857848317877103432 481009320496624628177 122825566393118844050 512887560121544944260 636403187260747524902 732036880643442271837 601882194134505263020 461293848246618989151 565678149404806739637 990130228380149429638 753341915175627263066 203863471411998816647 502835029509448369603 397270124343018280352 695402466927395963104 259574985226196067959 889725482023977864309 209546900738628335099 399915774085980644324 125962315672565247353 718582778728304417214 439159815778866870833 302321563013935886135 992171396913102146362 327997272691622508577 790109520502450045323 523029648277595326093 617582048391959030071 812682018371227972436 945786161662257500366 902763834437257992263
750452303029210507595 469249187243594261900 860909771395734506833 606307543489706454266 603836588258867332545 0 902378889927199139183 286032782312264339641 806572476715807475624 740755390954959378448 454560943923780329819 729519429468669784892 206196210018271960900 180398967632302224204 135519697665567774395 980653855095252431172 490791432466163436209 946307798876688126739 486579498106810334329 913112054014935288188 548175221793149633550 458617193621044631473 606585481021161738769 658107601480606929110 894803184996275646963 552793326479511371932 567486687511415863781 911679679750410128678 425063372640783072261 104640378667481893663 594325671776858195149 154996890275537363538 608000896042477415583 668859676127476286315 694512109187753147340 734306099875593242585 444351739665409525899 853836017796785399119 280419019299555130236 574887785902261752702 187031021999409676943 259541894242578795807 272382637311436005816 239441456006590041043 400882030554544494467 601936061314484762764 799901065261715496261 172273026503626578515 770481121335385084121 353105680181769299196 751252609623827947507 490052319476806700732 759746988273889782473 538148826308978930655 759185222175286704492 598977928318659051276 119270909643041925292 146873621447327109997 425175531437896541690 974417090327021859243 412478374381901995888 197927393933539695801 362113370934502906160 141570333957249191455 471693696588286512477 886437997395443774620 165141542021305334787 322283212594091771839 834326733875995882563 442851701922853967372 109367625387340803842 193113792378252036033 184763034568217190151 907766570652884367104 236598298380896530196 408422806022097775217 471233081178254483648 298408673281611002049 799662170797546705250 865460823930503058900 477071144395978612784 778026838496738845121 944583458097215467552 672714440595193219677 445829489723747242607 975178137088232373660 718192134141175892338 363114245110428869647 198956630235989895709 574564330313880258999 194778343286598610160 689717228707030448510 670886527257219298963 529691246757486207600 378213872712767376515 161813850348132912409 417709814957374375300 592459654872644545437 674396824463986635339 829439612536678938358
822639089877510071566 144966581916229805509 424950416406585527236 286044646985718775369 219602226868621122883 902378889927199139183 0 130986361449840414963 932092224458398592056 861089201625316088949 937693366711504624894 853601649117164586234 264487430377005257752 796196864833354839535 985013858776844523876 777652520656480471988 554491678199698912859 502829190701181239064 142492484914140121392 336426293151711518130 463048031221902065977 389345397795298461881 108287687498272954536 595819544390227814234 294588379279255921332 795335167217282271730 118042203396708527517 974767064550915895596 338224205395429474647 842139370054503656265 373360288057220561172 811329713021038064501 580324312435360031983 547095465854504509670 175042576234908139369 324719864014723933578 629377237044463324642 677554385226752906770 966937264169186616715 423602372397888542698 363222804667722514753 620065666508660727493 490150347014234216870 373569146082226516940 142123558394759791420 262451426277816660488 300328921968341488645 677047804945039369395 329025719397046465358 927617298886465197072 764211720157516841170 168815874051624179699 540356173285786867254 208488239665425575506 482952401327131997243 808064505027972791831 117077513259167064758 246652872211578881392 743585824687319642588 269430736721895137295 253586034587620225551 100070344914665723924 934163497913874554815 566388350649684846552 976497222859413056747 166498690336618433351 807068353292844081938 794173343261696175113 551060022216194393586 946989814461292915769 582349359503165212002 677710967137886544810 396412638526483242547 491966421396714599646 192426640721923856799 345804390050692396481 323332692647456091192 754815425379908476040 326275267492571985701 685998638414982367390 420244986918439646878 432790320970814737799 243290198184488026916 431789666774043232073 661580814218229435502 725645133996201914673 417442391549930450533 411800117341918001933 987050319420221616202 491027022987772941466 732919905869913788689 987057464441695870601 667103160193108633560 930382434902944877923 201618093482756948210 640023454708691162648 727238612693384371238 228850345539831576149 495182714914565858515 565400378434709644842
509274388203880572345 548499784992040865535 511556775275789519047 619361914514905444054 492096698412340712577 286032782312264339641 130986361449840414963 0 387600524932707430758 666346376630262657315 706350955567085383145 178898291494695393030 628836051488830594193 506250336560896838188 950899796269715517278 241131202894763205878 415216481588665552313 910880426918401057016 724348018206262976066 932583355784950943136 244414466331357004971 650529827018145612274 681908201192288285023 646932399133456139989 772966917919478659385 154093741282788091895 213417698589744155869 712565352021865131906 375281556410570666041 614273518246024846932 681006683184708395079 995767264214449165649 932312038455409564452 614419931415342924904 672998825101284036806 336104661318968334212 226739860530074105799 633167768267998925168 948581788790646506065 579951938903153796549 479923178902335010552 829595329542787969320 880286125524458634497 487331888903741832872 268811349066734708687 885202194543682918975 603057166053220190856 182836605800854611715 726641749048358799381 418023664563355137001 247000207266564341728 740322292278233096719 486922146143468011667 395876555453048410342 795680509644676600981 721874049604767141812 773607798341769242938 675336926604078686641 141835836419523228486 182934024318072783218 500427203109102631287 675397145913770878128 700886347438631898913 778561547979545462049 354410341529674150501 330410025670913266626 368914017273532757368 468343967848717035911 430455096979954355302 725372100694132398879 422544259141605463074 500601326417520949339 817487381460369531774 133926354508524888409 760470674544093048542 484085193121754731168 964746567935834139032 380303741366475055750 442033845231612037267 605419112731023770021 730362451569841949077 929764745487613785317 695905921342895020345 224738050887367111217 631566688519910085404 917541222189217380602 484341695265373413461 574069191588052850557 849801457471486547170 261232516217185640311 206425323773748532472 462268211973857793897 620290865480080067976 837398844395636064346 179036050599818617220 728536926106008565151 447970758988954185768 170302211479676882880 219062194081335145695 703083180344272037848
966223403254274280826 253079729482628509385 125672375764252840784 781600824824689087940 353692062964318815271 806572476715807475624 932092224458398592056 387600524932707430758 0 820934894409418414426 523552307971182808565 642412470513694982244 384105189791800256280 877085917941097318559 874624059768802866364 481157466798398639941 462062492066151856715 147273609334478813590 278489922038971519502 247626437871054766068 807846938888405059085 922723948919280101981 305448675678279795136 221161025278273344551 187289946419456125718 215955999038821319929 960930818261444862948 961711825928371583476 452456498642106082162 610082347755541592107 967490665766370164178 629203025703217161180 448430660198833373285 879436385453142109237 315078835367286422890 762415203406712418734 326543684353688858586 488512044768988413909 326969474668531546746 820677291688513322269 200828127845890771277 497074593204987217278 579237402743954229276 937286563356598903015 478027220076009734012 803434832816918132489 918136511850376275926 917577538240039709834 893340033670165178027 274369193719640454515 628827797221345501620 290071435038260114518 610039059267898316619 789909195826887914880 682559996594895533102 433235978800779141268 334784264556497710250 765425683104652943690 447033868375092290950 304926990613099320652 862643434254378992645 825911325167656333636 624922368282517389257 304017917637509702583 139477749909046241708 120275956882284583584 363722208629784922664 341058416126378386075 719334879705768948094 227617880113721048010 986714500998672360455 904695795013345130187 687458368651025790887 849779331602918927916 584942570384682275037 783117432060092423333 856131519976698246735 335169749807192903961 263456366568432595444 287796122642246352378 435757284788895927029 225670595876770202597 929648763155083348578 978878814459853551283 123851751464777563101 982191281037664377665 979015965338346200870 309244205282290021967 514410325259742237200 952410048436641422672 145813083874989514542 122365304185184534955 815029006451411036817 939665502180689518884 801653244542063382208 699276385074690038501 585136395915219754361 836831657357475851135 371931896950425987498 258031786947073999543
790131791752510737730 829852245802334105324 784762717645526883747 595444851596969056785 112910440809563459115 740755390954959378448 861089201625316088949 666346376630262657315 820934894409418414426 0 305683497990815417304 649452870663497379771 414873048515493557445 149119914644894011052 169862994066363793404 656886164173609096777 377874106356710061091 850825872495748753755 997883700097343771314 311749598549116017046 717329103458358694672 483639161080711396562 308353647684051503500 195434145476205255273 833769752649445463834 833154174463701132171 376629900815089122895 644535973069659968462 486508019434888454770 706118216893699332369 697599506973493487312 994734773614250552981 705890743815410649140 248329159244991352046 955345726256226542197 107995877031014957840 393401958949730114612 921931079805056135194 766532374468533449346 546327759547837473990 139282678395525750446 808733283479588646320 513727303880075788527 671077234528678340795 749357055231662063752 354534659615658564023 852369596464488173463 777496255435903096458 242085972838029722795 243279180646882180634 171346740821358926957 758760197452183954197 481973115599526415084 895595685901543925216 902490873296804656184 286157637692324563927 216216486226511612772 608344112859659534458 774473370174255645277 356424850483353066457 834381229621170997854 135889718037928188155 693402321417081491398 864207683131398054285 540615170364488608466 660340867701828037084 799264309953313316212 464853395035622447022 390350934596739069714 704041049818029558359 155487243176544760236 928270857102342323550 108347051407802624078 806058711072471698803 792719907190689786644 315687650842943498640 593968816314877896828 414849098356623485727 104415155658168224454 534957840846092629446 643697929613113826611 258311403276003977509 995992988708035536355 842593157698620430099 572535589960507819179 485672460558689077299 692009043478009569678 163339835342015877532 477577752371549905337 449136766577225628343 215319347787862880246 409796435197293413750 816538299302745017346 941735099421137081294 838266385026443120718 525440080105598072815 787368537570556952204 171729757640477333670 154647896873073211784 487657203909708829158
269093424287536244890 239646631366069919739 864437791509236691321 502774953243437237298 114836084429363705369 454560943923780329819 937693366711504624894 706350955567085383145 523552307971182808565 305683497990815417304 0 709157730019793299196 630385729240797153832 708304930521016220222 929126517974983836664 286020329308369513914 462731126232425429475 744426015190776638091 217388838642753132777 587923015894073527870 275805296250225847258 492433830265437523509 526499066001864417681 370199866997127819470 621276506308271849682 191543159299201331302 985861253781440088077 486017687950730695557 454985020441794424745 528468093294696727793 497605989003984249122 605657220785370568694 232687623040946955125 519781218683791037793 994275769349197627879 181913052383533342209 973825291479385742158 909302425357355157757 953916387812157279220 581929919291486015768 928075154243506876502 414334688899171563206 556939390411357043618 243818167587069920750 430108111384545917880 997195137975001118571 458964819395737877531 980572992957777731895 974174788624660308299 215208912714344921299 290007236399177237303 757244784412952335174 191103912268195818836 437223279064995097386 177581479677600144261 312937626824759664301 900918358322590391383 769353333631068217716 398148132890525479045 214558802987923954541 970214023019973464988 737311290711444428108 234850065109103554191 160681474546254443481 585177693338370084135 247088956069361065284 739333014274803068079 652433358513457614020 819891615059906185606 222373308086179679593 555615647624951034542 150509301476802715775 578460177136912141866 503166208470236762565 505869500160703761943 536841233887033808066 484035941901611494772 227077330917245273370 893666434413901490064 759027919564511751508 274641188255482928169 785691459544241065497 733904740784668491633 921374971325867856442 955962521302050962066 651318880093110580734 542804528839327507049 791924056244898149415 457716196556815581814 557943134896409967189 913475804049356316425 553705112235505702304 862455569868957697608 466475679026751196931 943655712744022433427 117466477628437013022 354596389739860893806 872118241740154013583 826993161033259048916 895050576341293388614
187049579175395045185 246691539603612360366 399495443924383058765 737545728366783259679 537392342543384138611 729519429468669784892 853601649117164586234 178898291494695393030 642412470513694982244 649452870663497379771 709157730019793299196 0 303435386268835337299 859407901497183219642 814325801939320934347 349019885754803120269 533417129112589656280 310795465848826829315 893998822543522051030 307106618474629363842 174410871072693876966 838256384936713971734 438864634648984520790 695395887487447512807 160558143080445858644 443027532037517484186 471082087531012162320 444649304277704621214 836602313244035427414 398891856838231097923 877960814839938720617 740756091987358937538 798054831132679648189 275214771448776918314 854369840042237939595 818921077789917987209 253586542548822585985 214187586724612456960 707752140721008110616 970713833675566519448 872386784867219885084 632762232569084251684 887059246698664217070 775408540205666065966 745762136117560374618 196239169969336900640 606410392407213365275 937343481852084003663 641016546204940088154 197153040891406478694 966210346106415566532 289664422407953144425 409536039852496987973 717626589902338185145 571817475375005341920 107287165871690578456 550402436358865146961 977379756401397596639 340539222626646205680 942619053507884463488 741581101696293510199 752106757087243334911 918104344666946393720 385929940911948674353 490269225407384183610 470086457278516443962 204469080155894188554 118438964822971676790 944518319010467937951 449743664896855582826 420343734748364792029 822601382185416585849 861997356260144315849 790787070605084748879 996009477794624702868 123258724576666493383 486577258038568351272 645945848524872045705 286456066062847889624 905850663546938282476 556491748669149160217 120527837429971236504 376866136132586284567 528017427292260728551 504418875695233705912 834319853027724500943 707953698738596205138 277931505898375266636 643053362660766277569 785710376510973633658 935537002575962434212 875451080807102880202 973482553437436471494 582353963602861715322 693320924894573698606 156535395315260669532 304390196912642126149 488813997628295437806 336167198965640449450 507656344201649210408
502822846753880012501 314254958777060960101 896368218784580009130 842740623375905963832 305853975786738482400 206196210018271960900 264487430377005257752 628836051488830594193 384105189791800256280 414873048515493557445 630385729240797153832 303435386268835337299 0 129559998185131628750 823822303653066261564 756275563809433423590 376343054635090249215 459823470407525841728 994732505252914390009 515945961361240762442 236148165247916239935 607986270596342690458 597341518483336551131 486051333348324026812 258024961396091076963 851021025818867155806 298514019249008703245 664045177895219607885 931034688850576689810 877723673946633692333 701992557369269347602 281944104435599752028 262370960568274060185 129840122018043827445 844232672256181621986 496349021625327890047 780606770828504243158 901953717706560983465 408545326803278732051 143977649188964724063 520530398310139289795 897916201575290257375 794849124449898958835 194901868893892665713 981804606761493561742 447559494626931565991 486443604407184222749 342237201977003754387 311331628664927353209 496209964187420531587 196960558058193545326 356080531374440072332 621546404487324314249 946713365094618955310 396257142167433066505 805427565222136278442 410897369081895169333 530353253678493125652 190806904833683060921 555219618638682552154 878213693095343581148 475431518567880552494 635398826576000411264 945612698222458360890 523257721908738975609 732496482401883127524 445476270124120673554 179499969456180449900 324066288521108430890 829098706898359198970 260975588429058070064 990885944932868822190 936540763580927832629 768487664957653088195 421503904658402996642 915230616864913403837 340115011956456305135 547875128287381948378 547981408571617371251 450339240519000703398 555209679659351740712 738069842446671837040 344670309028781717604 953696284588844677714 923565196383002881470 981697951202688836307 283987273132311781917 123958373189661981723 445331580852639929982 546992650917120015818 566173603866183035588 377120207565988660078 938009583103236603284 272269184442286032766 112816621361679366714 320918012658491071664 492776305980677058527 281573941776667952298 863037754660283584008 688880320138668053235
635389467975858856668 172681557764323130673 167740484546084850595 200054841294667218237 566849092305260162396 180398967632302224204 796196864833354839535 506250336560896838188 877085917941097318559 149119914644894011052 708304930521016220222 859407901497183219642 129559998185131628750 0 793479766070261770846 178728677283827238769 185739353689388084585 157736984908654968285 472018485130102809075 841424732152865129092 411500522656744332084 734050852975451627343 385834651895192412561 859706035266937611212 967648862933866835012 149777595112627580360 639407489068628107599 586590947280800493996 278675492893102376339 257775159012840348974 825335274877534891604 118186413249054845196 637704743564083011658 376547296931557843797 634555356243047679974 896189740839849277644 305619261839202213408 289994918446192859565 896710285021443193252 441339393162972997652 940534906496019245602 822732487420617250441 212605146211928082661 404037768116095887897 874677428345911994494 263648795336590608010 852642584312774037589 640717018369244813310 369428381516780950558 610335114531213122180 746442247070591579427 747543781199748077554 758798523508494219763 659866282583685376690 862632872068956233632 919741546242784690927 787257055032657939816 927600261485305997404 248885816825567397374 854467139097904099222 145834133194071689481 331956336114017105739 962062285771278940406 190630456524584797529 543574872237662305589 335724995977837579839 480872451926537757605 679562983116586442111 355410299785208397505 247647911188215042975 865904812429197888539 305050768763552158521 718408793839930710159 564121091733390281759 176460360724550605940 922014738271605348467 629463309557779500957 378608495004624021827 925182429552194482938 574723720608102117042 981921258088453536333 312397223702860039995 971037393653016478502 294968825666272941199 522903187963588377300 808355507645433462897 849715253745926522670 273973467448450322086 714957686234835214833 931836300252852079962 511660162168583063869 785318233822623896639 750100967485386693270 389677478715859056682 352006964625046544018 658521633144197611731 973134119969432888974 647678210844346370450 916131164041198995690 120556307535963291224
929712383760358301732 355210719163947473454 268394293256289595601 391143743956457760791 618201474648079303798 135519697665567774395 985013858776844523876 950899796269715517278 874624059768802866364 169862994066363793404 929126517974983836664 814325801939320934347 823822303653066261564 793479766070261770846 0 341335192048346690858 952353603348405807508 950093022828889126271 246806871731445708126 895618186364794105280 608325529100987490385 541564677591044255049 241004864301328944854 561166511861113564294 114200270169904595017 254554271696675189642 740123681106992530631 420756018571857429979 295054866872413674066 802227447271463007147 106219377763344504017 110172055255139269487 768039887397285368783 888503793713897170704 422366719946014176749 370763378066909202333 421236793741804735603 363514601562484184597 542783129018004583560 993602589335846673100 200013135968205934684 460757453231041590989 847449522848233382010 521370005238618122932 490475536089667507909 329101541696416194162 792356469656965854700 789681600442716927089 452559158719361618432 269380011641757869874 454853664497112358607 884924408705599808354 231374576957378251787 618547237965357503829 605551409514549456131 910217891651364820514 666281587355892625188 742450072300697824625 908477666634340069038 113155561311314908606 629404718414486904234 103293781916824891770 722489059083875949125 311266181389196633515 514392746266624292242 403976173620956894501 613963775111622537731 360914928659088845172 531900730712943257052 882077065474643988019 508126151480501628477 135369761629376096920 299066710392866698486 479165157049128594535 177299114075793374543 604104669644629415127 793846063835135836968 984070133131915379300 925400114410896750559 291601714689662271691 352138672928711913570 357237604970275475790 156390892872185936996 415825348870755026562 289907405150021103768 518893019355908153503 117225825127858282831 366312174141830445394 625505380406507748119 107180561953978859572 693045219327609359913 569732923549258179918 142165419424615020059 168233300955514893401 924243872667673893823 810176790791374402497 819510449204296143259 798860803028310409593 660927382857913296413 657313445482936369483
107664225158426101066 636734870961853777428 915289107308074728010 957440414949310298837 203174826714399602516 980653855095252431172 777652520656480471988 241131202894763205878 481157466798398639941 656886164173609096777 286020329308369513914 349019885754803120269 756275563809433423590 178728677283827238769 341335192048346690858 0 375056346773665226320 969975036211323564638 420313097691229959688 956422208318692905264 983637838571782724837 367146016058215300759 150285454229469649068 627869051105120576446 175361159232411512935 911081829558675156974 658098856127256174285 232996967508726639150 334218380527048226506 474496804641879175610 841432047732256594428 843625677713939341277 967692847750334880358 389866236295836389061 399944374055754828351 475844267847980288353 506140959082543497821 596230997032389568061 469882271749351242224 539035334105873073337 836787089350935094390 630595018682475610829 410201138326336901436 103400359827566306920 773835196714129363500 309523646907574416184 972285686038521465479 906043405335939037026 557386113366006299226 644627177378060599585 768808014833209417219 747935135151829948844 767614698180548258874 798745540459986917516 813447656269379677832 247961357928744891583 420064824992258618432 319266364818239747175 191178861180260540168 451640297696320343367 920807593654272559257 595983223815170427772 986997826633487997881 221438066971124917643 807325515524517467410 368204522912237964218 952507654393884415341 713466676874072650059 740411691384448499558 501293006555871890936 974263222695756318515 775530872772828490195 501911820844675048274 306361592296999732732 765584192919093272714 755663139448086364093 906676181830867156307 388765475718608271278 882901783227154815741 150641714606970503135 584310395055942531159 479836395233696057379 428450347546960662894 640335680770292606659 466544101883025498142 628825027132094590645 127568089633682922064 119798151253878957349 143881067000081250127 669784476260260185759 648197958653048087662 780457568038504358040 549477313271878972910 667710444769193777205 575373450033271722428 545920962438944167691 216028449238351984821 798294206940958126411 654315585628139498200 456456956186457597705
892107590073835673469 163993545289722988323 522912830364538202229 737743901779978163700 549338650794168736832 490791432466163436209 554491678199698912859 415216481588665552313 462062492066151856715 377874106356710061091 462731126232425429475 533417129112589656280 376343054635090249215 185739353689388084585 952353603348405807508 375056346773665226320 0 952163243285497398629 452497557248100753361 338515139299667408931 525389926569940855061 680780960206181614089 717726452425299186543 799385947353983586534 533715009125258175396 784579187930327181039 928254319127076812765 956087057144258503639 902959922333136962925 793152368538888407003 104718370124261668883 302811332167512151650 708986500407655870055 354103263782542048752 196377622538422664297 692841268187980803614 116121924140603272244 271807865419253037728 746544114095799017919 534673316828856298407 539496438358846268456 704983624384292967229 532854697537396557887 174252377547280107918 723910883883119723069 314555973412613458119 469681153319466665020 603497836845307456964 276563323048607693796 989041702511639302372 144334622947739887099 127334460338679271108 435018132380442903783 788037274361486820416 795041976498397537517 531666022756577909403 494650294339743224352 427486042256077336689 121954551772337007594 826711619044274017796 778622399040733873035 655542146081745293287 794580793567471749605 730670446582260526597 672595518753976625914 812585472423013784972 720634931792799588779 736325135609264407663 921313712196432832959 689363502004073292679 430031858251274638406 679179803478258772404 426531360601242759486 283604321249584458074 662420829316252973422 739046148848818128262 492025578252178491277 455377041271980617410 936022776822304433881 935789968295124775136 121295091504969176672 849993716667052506032 718443403956493457985 473615602783776341140 425906217966354938151 151399390137279361056 389804789405505133907 207267967337453248505 493162482606244933695 109872812622293552029 787685737114240303516 225361935855003586362 446552137831648889563 371759355141843866273 768000484544828770506 730184670008182989555 629820835923689346527 687206318066492992008 993320666301612813767 804705408913341001844
435341031937582172678 973075582591353798943 282856798592171431868 419838492285383237690 766107239540484991783 946307798876688126739 502829190701181239064 910880426918401057016 147273609334478813590 850825872495748753755 744426015190776638091 310795465848826829315 459823470407525841728 157736984908654968285 950093022828889126271 969975036211323564638 952163243285497398629 0 117745155107203771783 561167827496299384443 841572991468317375087 874286183757133600909 451626155227508521746 992730979737559178729 314587882501588614086 484813412420938487968 588840569210957925224 882307375257982948929 921817667395004842591 919030782665783383012 484382426761443411758 785442085000767157674 984627999005180058705 168019177050949033900 346780922930076924662 421512901685481748297 791967054115172273595 257758269349045106063 498688698653598585491 279632754191888230326 775399606203086915720 762424244598646762182 253587964819086178899 463317671159386358538 415076918345016775074 310437183819122372950 299826326306159576079 692108953568229988094 113745170857738826661 804871490119206776109 622790318438386064084 262374743834939457664 994714449099745986384 774423325477947408025 824308562850233641687 141482841412050206953 318983345848961984320 880849881351786184461 173654828478107082750 921650316002301427773 893144553856291673501 205303945028486212181 553345653066004374035 609044841904551030824 995900487247620169468 518926818504407516391 555047257815305452721 612951945918202443390 887048569724051578884 362811697707747404248 655173013514975500160 950771291746994948706 496071220555149320596 275361874267378385297 277131284667738417824 439951560696630044949 212523998854771348265 298633311125995392389 249398298879780092255 426811500805324201611 233837670869694932639 504805354753669365456 287459995890258218619 442230021481595475353 747591605500340339795 944221580496837161776 524320198202903162087 404243567035544060048 832568128673079870980 346200497170995786362 530890988334034116210 742113003299432093635 501825052081396475234 901536855245306797687 543716483597649170895 807151081133877584589 785193064427277344760 898670136787372522347 559971056549518251519 493311081933519812429
